10432972
34742505
295153
1894748
327008602
23658843
11485536
2748651
11616487
2654466
408660316
16605529
367462766
20087157
14598
495855
2875676
1523983
1626479
3301665
20351272
297648419
3254534
27998524
306950446
18315580
12226878
463167
1653058
1526101
285501146
27880268
107768660
6799052
475187559
82373462
2248410
353116
385350493
42542817
2046812
1851105
9823076
5142241
344551136
492393
939756
8020849
49542895
8328063
1740536
24456063
22520707
351111
3974880
22521620
287054731
700152
38053609
8366990
8779497
272716686
44820
1430416
50056982
13869969
96231202
346684308
297178920
11547545
11971502
23148330
2791213
2689967
