34742505
295153
1894748
327008602
23658843
11485536
2748651
11616487
2654466
408660316
16605529
367462766
20087157
14598
495855
2875676
1523983
1626479
3301665
20351272
297648419
3254534
27998524
306950446
18315580
12226878
463167
1653058
1526101
285501146
27880268
107768660
6799052
475187559
82373462
2248410
353116
385350493
42542817
2046812
1851105
9823076
5142241
344551136
492393
939756
8020849
49542895
8328063
1740536
24456063
22520707
351111
3974880
22521620
287054731
700152
38053609
8366990
8779497
272716686
44820
1430416
50056982
13869969
96231202
346684308
297178920
11547545
11971502
23148330
2791213
2689967
336610227
657200
19127221
13258564
1861446
311698360
3814329
270317383
391307058
27675578
27363163
13671354
24411
8876990
4675421
168604607
837470
4479943
2832224
8528840
20358094
10139490
642922
275209169
107669356
382671826
742354
15540079
3427298
384907122
278928360
2772846
800631
439277
1473528
11069309
3463042
1774584
402923390
44648324
2194427
3250057
23284747
8047632
275275670
384236567
362620825
1806237
8962430
109141475
26177922
399818211
11121031
15914478
749966
52250
19334640
5067153
88559094
6666652
248919557
317999517
4632990
5169321
524703
5129742
250271
50329118
1562119
2888102
935459
408202760
1630633
5561892
9941417
13717031
13717935
416548394
418273718
4444605
433715
540217
245815761
13868601
25305554
425391676
5587416
2257389
26261068
535022
1687102
2966000
1367633
320491072
168604170
2348631
9308687
452189
150113893
393746
20742656
4198933
14884456
3886710
171584023
8484478
17561219
24032900
8976925
2837034
1627779
21019179
275297927
15227416
4282930
1575476
93876791
624274
814727
106146363
313329303
11731515
168605340
27231887
7375428
1881758
397044296
19348040
14413475
328359583
201293
9127589
7846477
319137463
25000532
10461769
1676961
9535164
15385187
365770431
275262061
14266048
10893225
890815
425564103
13012952
11853777
11595736
23400436
397289
93433838
384518141
39770108
803870
3568670
149308450
291408938
168604699
1963054
7822387
11394105
71078970
259658820
4885578
12303456
6986801
220258
2337891
10654818
18654316
900171
881785
463999
19623040
24915043
5028996
9391242
6419596
25822318
84077708
4119698
12948629
8596630
10867865
185912472
5409946
5276
2378908
73415842
15840422
613546
4764844
941228
1819820
378034
316327109
434412735
3932788
11816135
1600113
275223726
23085689
5837439
393079427
13826696
11463305
1962633
27830905
19103
334662308
168604356
347724433
12704457
256170708
471163608
680652
1757863
30698151
2306780
2020038
18563812
13667052
7498477
1653487
799473
355222262
12514033
5210877
3255044
31183629
11528978
2310938
2921247
24601383
1690404
16339754
9153331
10718004
18701109
168604487
57877282
87378760
2009929
2097994
1788745
475250
1443951
2628816
76717276
13786333
1678535
13021352
402362486
300690657
848008
385346792
33366141
12589063
14428186
8678636
10278125
299662590
36974706
11869419
259333
392899855
424713489
312522794
18908454
383668230
12625192
11605312
12774731
385282068
834891
15613998
23309612
3680303
7065799
5637461
632887
99673
456742
27897180
21142866
44427319
1949755
5503046
5186913
6410311
6699082
385709418
411155806
12119403
941422
33242464
107305141
21687662
3306866
11980165
99463269
4683149
384204989
36769153
364816465
1605009
84127823
34579852
16539048
10135766
20948397
169299356
9617619
4548018
8732100
107638877
13036950
2173008
19792072
385171550
8581342
116222056
166532519
18413792
3990987
2691287
4898221
14463116
8558037
