56226937
95449380
85727497
92651974
66833732
17794158
24175527
10088807
66546835
83249432
45771233
25544862
59520645
58167492
25439395
54855676
39773538
85041176
22502065
5329107
11969566
65428097
38937938
46224306
28501106
32272426
74671632
56724093
12698078
12842674
51596443
78620830
42774040
81277837
59926508
39743885
20431460
65977130
82896240
12021328
81867520
50925811
58135920
55972178
81837514
24403441
26102731
74752332
11643989
35186133
71146315
44285036
21033141
40383316
93113293
50200968
42258079
11778757
49716820
77897007
60947669
5667750
54042116
80881704
24512690
63212304
45647024
34553679
39756252
91551279
32755328
71252630
32295144
96280229
14787241
23674917
14154205
12554062
91504111
44271967
54088937
2162490
75781146
70451436
41855514
18281651
66251956
92181079
24645349
16152046
71322007
32189130
10267804
3680182
48422469
72783064
67018787
88849674
16068007
21690523
12520037
