153271
386601
11623612
422332
548860
509357
207451
222471
14602431
457526
19561139
910004
520514
52720
281734
500911
152409
170493
197396
816983
18768390
521521
259370
708610
408604
16581053
19194415
50529
19339885
520511
545172
20364469
20636361
756504
20073164
486574
613587
520521
15191606
660137
224300
15395183
769136
19138457
15703740
18226763
16539938
15406968
17604490
14431497
17798818
16738039
17141490
16605081
19037794
16879319
80463
20397288
16472438
19385200
122812
10470696
495014
52088
