46087
14524390
874683
11163111
705
653
14447107
649091
508109
620
544
10168709
11181350
9905913
14967000
15014847
515251
599
11242080
1391314
230
15122867
97440
3461976
280
609
625
238
549
4239089
161
288
8082948
6551575
279
617
621
632
689
41159
3030909
1319
293422
624
411
286
722
710
266
893125
3297956
6676726
843615
519
418
222591
670
225
145
14983245
540
1313
668
12730886
7471685
511
7084810
14836041
2810948
12780595
14847002
50821
10729306
703
7249824
10504312
13948166
7052192
1918450
1355059
10184244
12096201
1445045
10556121
11069600
2712286
15057405
531557
1320
751470
307
12397700
329
8456570
717
3059866
640
1109225
4784519
7010331
430189
8051233
12468378
183908
21116685
11698728
2417336
408
128
674
12036773
12482083
764155
21071716
11619815
14553855
10402645
5319
144
4984358
11782357
393
10550303
501708
12771281
2762466
42853
13873417
14335573
181
15128587
14874932
2105328
677
893421
439559
179951
9111225
